name: "29th Avenue Station"
latitude: 49.244084
longitude: -123.045931
radius: 100
icon: mdi:train

