name: "Work @ SFU 8888 University"
latitude: 49.279984
longitude: -122.921004
radius: 150
icon: mdi:briefcase

