name: "Work @ BBTV 777 Hornby"
latitude: 49.2829765
longitude: -123.1216595
radius: 100
icon: mdi:briefcase
